5.725412 21.072891 26.961058 
35.977059 12.405588 46.118235 
2.577406 -1.263598 19.104603 
7.733760 -79.115157 19.401575 
24.712437 -5.893602 -33.838965 
34.903244 -42.555289 -21.540730 
43.147679 -64.719750 28.861576 
50.461514 -28.703334 -27.297445 
7.873527 -46.463282 17.808704 
31.715863 -87.409496 -1.338878 
23.667280 30.653487 -17.794176 
14.177468 -67.490130 -4.571685 
6.823113 38.053995 -15.998778 
58.293163 -24.092829 -15.733874 
25.459354 -30.498531 -19.443193 
7.716053 -26.445038 56.754287 
47.438499 14.516678 12.654969 
42.392179 40.939106 -11.384358 
46.826830 29.951776 4.322227 
11.979545 -79.558523 6.630682 
43.787164 -21.427517 42.762388 
5.744342 -17.725215 37.828817 
40.035273 -8.300000 42.559714 
10.200120 -57.468755 34.814185 
6.374646 36.836446 4.059423 
32.084123 46.379536 13.443936 
11.857378 30.422738 41.369817 
21.579924 -64.106302 48.242994 
54.013159 -9.645246 -7.030705 
52.939365 -32.830995 30.458152 
9.713751 62.725912 -10.852198 
33.038444 12.226910 -35.300516 
-8.049278 -8.155055 -9.890612 
18.874306 -8.650181 -0.008926 
-5.201541 20.786011 26.015412 
-35.910095 11.640904 45.327287 
-1.267176 -0.805344 18.709924 
-7.062933 -79.770667 18.107733 
-23.837870 -6.581657 -34.459763 
-34.843493 -44.279261 -21.648363 
-40.122703 -69.609567 28.925892 
-49.677129 -31.769998 -26.405279 
-7.367949 -46.930342 18.137607 
-29.663146 -88.938390 -2.033605 
-23.755399 31.630504 -17.134773 
-13.962535 -68.282381 -5.051381 
-6.068922 39.494405 -16.789929 
-57.702062 -27.051400 -15.238381 
-24.389203 -30.917224 -20.252956 
-7.861046 -28.574618 57.381610 
-46.428087 15.003108 12.379768 
-41.426623 40.460390 -12.116234 
-44.564218 30.949025 2.544228 
-12.054018 -80.750988 5.830698 
-44.253767 -22.707633 41.628813 
-5.626424 -18.134396 37.403514 
-39.765164 -9.599027 42.567816 
-9.678055 -57.954140 35.438596 
-5.207491 36.598817 2.912272 
-30.996965 45.885467 13.265820 
-11.423655 28.640358 41.924401 
-21.757204 -64.484392 46.915288 
-52.977661 -12.402309 -6.331659 
-52.655604 -38.256332 30.178166 
-8.218642 63.497123 -9.403913 
-31.748754 11.407392 -36.497093 
-44.344021 -23.061525 6.816291 
-36.148317 -0.825187 -0.436881 
